SAMPLE_ID	FISH_ID	Bile_Nap	Bile_PHN	Bile_BaP	Bile_Sum_PAH	Liver_Sum_PAH	Liver_Sum_LMW	Liver_Sum_HMW	Naphthalene	C1_Naphthalene	C2_Naphthalene	C3_Naphthalene	C4_Naphthalene	Acenaphthylene	Acenaphthene	Fluorene	C1_Fluorene	C2_Fluorene	C3_Fluorene	C4_Fluorene	Dibenzothiophene	C1_Dibenzothiophene	C2_Dibenzothiophene	C3_Dibenzothiophene	C4_Dibenzothiophene	Phenanthrene	Anthracene	C1_Phenanthrene/Anthracene	C2_Phenanthrene/Anthracene	C3_Phenanthrene/Anthracene	C4_Phenanthrene/Anthracene	C5_Phenanthrene/Anthracene	Fluoranthene	Pyrene	C1_Fluoranthene/Pyrene	C2_Fluoranthene/pyrene	C3_Fluoranthene/Pyrene	C4_Fluoranthene/Pyrene	C5_Fluoranthene/Pyrene	Benzo[a]anthracene	Chrysene	C1_Benzo[a]anthracene/Chrysene	C2_Benzo[a]anthracene/Chrysene	C3_Benzo[a]anthracene/Chrysene	C4_Benz[a]anthracene/Chrysene	C5_Benz[a]anthracene/Chrysene	Benzo[b]fluoranthene	Benzo[k]fluoranthene	Benzo[e]pyrene	Benzo[a]pyrene	Perylene	Dibenz[a,h]anthracene	Indenopyrene	Benzo[ghi]perylene
00809-bma	EZ-01-080	10646.73392	2971.600019	125.09	13743.42352	1173.44	1170.04	3.40	17.68	53.19	672.47	107.39	86.75	0.00	0.00	1.59	22.81	11.69	0.66	0.00	0.06	10.64	36.88	0.00	0.00	3.85	0.59	114.79	29.00	0.00	0.00	0.00	0.29	1.07	0.00	0.00	0.00	0.00	0.00	0.00	0.00	0.00	0.00	0.00	0.00	0.00	0.43	0.19	0.38	0.31	0.00	0.00	0.45	0.28
00810-bma	EZ-01-081	20338.24517	5233.799607	387.04	25959.0872	1022.98	1018.54	4.44	27.67	123.43	381.11	135.01	45.89	0.00	0.00	1.61	14.78	1.66	1.32	0.00	0.24	4.40	25.14	0.00	0.00	5.85	1.74	171.58	75.47	1.64	0.00	0.00	0.86	0.90	0.00	0.00	0.00	0.00	0.00	0.15	0.23	0.00	0.00	0.00	0.00	0.00	0.42	0.33	0.32	0.37	0.28	0.14	0.26	0.18
00811-bma	EZ-01-082	427.5257167		0.98	428.5013415	2208.95	2206.15	2.80	61.12	265.91	1019.10	452.84	156.28	0.00	2.88	1.83	13.98	4.66	3.20	0.00	0.22	4.19	18.28	0.00	0.00	3.58	1.24	112.28	71.11	13.45	0.00	0.00	0.00	0.00	0.00	0.00	0.00	0.00	0.00	0.00	0.00	0.00	0.00	0.00	0.00	0.00	0.00	0.95	0.00	1.85	0.00	0.00	0.00	0.00
00812-bma	EZ-01-083	1924.766879	466.3599553	4.27	2395.400507	745.77	743.88	1.89	34.52	129.77	242.21	99.71	14.92	0.00	1.38	1.59	10.82	2.32	0.84	0.00	0.29	6.39	17.39	0.00	0.00	5.52	1.44	108.15	64.75	1.87	0.00	0.00	0.75	0.77	0.00	0.00	0.00	0.00	0.00	0.06	0.11	0.00	0.00	0.00	0.00	0.00	0.00	0.00	0.00	0.20	0.00	0.00	0.00	0.00
00813-bma	EZ-01-084	6290.478703	1501.808096	44.12	7836.403197	1065.91	1064.06	1.85	26.87	130.79	377.78	149.59	67.74	0.00	1.29	1.49	15.84	3.88	1.41	0.00	0.18	2.67	21.68	0.00	0.00	5.83	1.71	176.08	77.17	2.06	0.00	0.00	0.71	0.79	0.00	0.00	0.00	0.00	0.00	0.06	0.08	0.00	0.00	0.00	0.00	0.00	0.21	0.00	0.00	0.00	0.00	0.00	0.00	0.00
00814-bma	EZ-01-085	7166.57174	1051.206242	61.14	8278.914148	1086.65	1084.56	2.09	25.48	126.43	423.18	133.54	51.96	0.00	0.99	1.49	15.64	3.89	1.18	0.00	0.25	8.12	30.20	0.00	0.00	6.27	1.77	176.09	76.17	1.91	0.00	0.00	0.69	0.80	0.00	0.00	0.00	0.00	0.00	0.08	0.13	0.00	0.00	0.00	0.00	0.00	0.16	0.11	0.00	0.12	0.00	0.00	0.00	0.00
00815-bma	EZ-01-086	9543.290222	2236.226054	241.63	12021.14142	989.73	989.34	0.39	24.59	78.34	454.21	101.93	103.89	0.00	4.06	1.49	20.44	15.59	1.58	0.00	0.11	5.16	37.06	0.00	0.00	6.01	1.03	105.25	26.36	2.24	0.00	0.00	0.25	0.14	0.00	0.00	0.00	0.00	0.00	0.00	0.00	0.00	0.00	0.00	0.00	0.00	0.00	0.00	0.00	0.00	0.00	0.00	0.00	0.00
00816-bma	EZ-01-087	13613.62641	2076.213497	151.80	15841.63724	1100.03	1098.68	1.35	39.39	119.74	477.02	123.31	114.41	0.00	1.52	1.86	22.74	11.99	0.74	0.00	0.14	8.95	48.66	0.00	0.00	4.32	0.56	87.65	35.68	0.00	0.00	0.00	0.36	0.99	0.00	0.00	0.00	0.00	0.00	0.00	0.00	0.00	0.00	0.00	0.00	0.00	0.00	0.00	0.00	0.00	0.00	0.00	0.00	0.00
00817-bma	EZ-01-088	3890.484463	858.1801325	16.38	4765.047278	1396.88	1396.69	0.19	11.51	92.38	663.63	121.70	160.10	49.43	4.04	1.32	24.69	15.24	1.92	0.00	0.09	6.30	37.50	0.00	0.00	6.12	1.10	164.67	33.95	1.00	0.00	0.00	0.08	0.11	0.00	0.00	0.00	0.00	0.00	0.00	0.00	0.00	0.00	0.00	0.00	0.00	0.00	0.00	0.00	0.00	0.00	0.00	0.00	0.00
00818-bma	EZ-01-089	2809.184018	741.2119977	6.10	3556.500738	2639.10	2638.49	0.61	99.30	231.54	1567.29	194.45	215.90	0.00	1.09	0.98	28.48	6.76	2.89	0.00	0.05	2.87	55.75	0.00	0.00	0.00	6.82	187.19	34.31	2.82	0.00	0.00	0.13	0.48	0.00	0.00	0.00	0.00	0.00	0.00	0.00	0.00	0.00	0.00	0.00	0.00	0.00	0.00	0.00	0.00	0.00	0.00	0.00	0.00
00877-bma	EZ-02-025	3405.509661	1852.723066	13.14	5271.375049	2544.25	2542.27	1.98	56.83	223.31	1108.44	380.97	377.57	0.00	2.48	2.00	17.64	8.82	3.05	0.00	0.14	9.10	16.23	0.00	0.00	3.66	0.81	188.57	129.11	13.54	0.00	0.00	0.00	0.00	0.00	0.00	0.00	0.00	0.00	0.00	0.00	0.00	0.00	0.00	0.00	0.00	0.00	0.68	0.00	1.30	0.00	0.00	0.00	0.00
00880-bma	EZ-02-028	34765.24962	6810.95438	250.05	41826.25583	981.33	979.89	1.44	40.93	150.11	254.01	230.98	72.33	2.01	0.24	1.46	12.84	2.63	1.13	0.00	0.19	3.27	15.54	0.00	0.00	6.44	1.24	121.79	59.63	3.12	0.00	0.00	0.75	0.33	0.00	0.00	0.00	0.00	0.00	0.05	0.10	0.00	0.00	0.00	0.00	0.00	0.21	0.00	0.00	0.00	0.00	0.00	0.00	0.00
00881-bma	EZ-02-029	17399.98835	8798.263481	209.90	26408.14723	916.12	915.23	0.89	20.14	63.14	446.05	69.82	101.45	0.00	0.75	1.42	18.79	11.12	0.90	0.00	0.10	8.03	33.41	0.00	0.00	3.80	0.65	108.64	27.02	0.00	0.00	0.00	0.24	0.65	0.00	0.00	0.00	0.00	0.00	0.00	0.00	0.00	0.00	0.00	0.00	0.00	0.00	0.00	0.00	0.00	0.00	0.00	0.00	0.00
00882-bma	EZ-02-030	5869.708333	3494.232607	79.45	9443.390124	999.12	998.80	0.32	23.77	70.77	510.25	77.09	101.56	0.93	0.57	1.42	20.00	10.53	1.56	0.00	0.07	5.36	24.40	0.00	0.00	4.09	0.72	118.96	25.28	1.47	0.00	0.00	0.22	0.10	0.00	0.00	0.00	0.00	0.00	0.00	0.00	0.00	0.00	0.00	0.00	0.00	0.00	0.00	0.00	0.00	0.00	0.00	0.00	0.00
00883-bma	EZ-02-031	20483.92797	5872.773355	24.71	26381.41555	3277.36	3276.52	0.84	88.76	473.06	1532.22	222.39	322.84	2.37	1.64	2.76	53.03	28.96	3.07	0.00	0.23	18.22	88.47	0.00	0.00	10.71	2.21	372.08	53.50	0.00	0.00	0.00	0.52	0.32	0.00	0.00	0.00	0.00	0.00	0.00	0.00	0.00	0.00	0.00	0.00	0.00	0.00	0.00	0.00	0.00	0.00	0.00	0.00	0.00
00884-bma	EZ-02-032	6138.877808	3659.944196	87.06	9885.877844	2579.10	2576.69	2.41	32.31	244.67	1285.27	430.19	172.59	0.92	1.95	1.63	26.94	8.16	5.06	4.91	0.26	6.04	31.56	0.00	0.00	4.21	1.84	195.01	107.54	15.63	0.00	0.00	0.00	0.00	0.00	0.00	0.00	0.00	0.00	0.00	0.00	0.00	0.00	0.00	0.00	0.00	0.00	0.80	0.00	1.61	0.00	0.00	0.00	0.00
00885bma	EZ-02-033	7630.328674	3507.709848	134.97	11273.0119	2389.91	2385.90	4.01	29.15	236.41	837.34	351.24	205.60	2.91	3.02	1.73	36.27	7.80	3.58	0.00	0.21	8.00	49.93	0.00	0.00	10.42	4.12	455.32	141.10	1.75	0.00	0.00	0.84	2.78	0.00	0.00	0.00	0.00	0.00	0.03	0.17	0.00	0.00	0.00	0.00	0.00	0.19	0.00	0.00	0.00	0.00	0.00	0.00	0.00
00886-bma	EZ-02-034	9685.297908	5336.349211	308.36	15330.01167	997.49	996.39	1.10	11.67	68.29	453.78	73.38	120.87	1.24	1.65	1.47	20.40	13.82	0.81	0.00	0.09	9.61	38.35	0.00	0.00	4.91	0.68	128.48	46.89	0.00	0.00	0.00	0.15	0.95	0.00	0.00	0.00	0.00	0.00	0.00	0.00	0.00	0.00	0.00	0.00	0.00	0.00	0.00	0.00	0.00	0.00	0.00	0.00	0.00
00887-bma	EZ-02-035	10888.87761	8557.239856	55.41	19501.52422	851.46	850.44	1.02	17.04	61.23	353.48	61.46	126.91	0.89	3.50	1.17	14.37	12.53	0.52	0.00	0.10	9.26	35.28	0.00	0.00	4.40	0.36	97.00	50.94	0.00	0.00	0.00	0.20	0.82	0.00	0.00	0.00	0.00	0.00	0.00	0.00	0.00	0.00	0.00	0.00	0.00	0.00	0.00	0.00	0.00	0.00	0.00	0.00	0.00
00888-bma	EZ-02-036	2760.363092	1704.695072	58.17	4523.227006	2504.43	2503.69	0.74	12.83	232.71	1308.53	203.74	213.56	0.00	0.00	1.44	51.39	12.51	4.71	0.00	0.24	3.66	80.60	0.00	0.00	0.00	10.85	316.31	46.47	4.14	0.00	0.00	0.28	0.46	0.00	0.00	0.00	0.00	0.00	0.00	0.00	0.00	0.00	0.00	0.00	0.00	0.00	0.00	0.00	0.00	0.00	0.00	0.00	0.00
FLG-05	5-19-30	29577.64151	73.45059352	7.760002576	29658.85211	666.69	664.06	2.63	8.22	22.83	129.55	33.05	26.24	1.78	0.00	1.31	21.06	9.51	3.62	1.26	0.14	7.54	28.98	0.00	0.00	4.83	5.79	284.88	69.22	4.25	0.00	0.00	0.00	0.66	0.00	0.00	0.00	0.00	0.00	0.56	0.76	0.00	0.00	0.00	0.00	0.00	0.00	0.15	0.00	0.50	0.00	0.00	0.00	0.00
FLG-06	5-19-32	51893.80373	22131.60421	2188.345147	76213.75309	1872.35	1868.22	4.13	47.89	27.37	711.14	148.18	109.61	0.00	0.00	1.42	33.28	17.87	5.67	0.00	0.12	9.14	49.60	0.00	0.00	8.45	2.58	603.14	92.76	0.00	0.00	0.00	0.00	1.33	0.00	0.00	0.00	0.00	0.00	1.02	0.25	0.00	0.00	0.00	0.00	0.00	0.00	0.00	0.21	0.34	0.13	0.85	0.00	0.00
FLG-28	7-18-34	78224.724	27423.901	855.732	106504.356	911.85	906.66	5.19	6.89	7.81	180.71	69.38	22.52	3.63	0.00	2.02	21.05	7.05	5.33	0.00	0.17	6.60	23.44	0.00	0.00	3.72	4.96	442.92	93.76	4.70	0.00	0.00	0.50	1.91	0.00	0.00	0.00	0.00	0.00	0.47	0.17	0.00	0.00	0.00	0.00	0.00	0.98	0.00	0.70	0.46	0.00	0.00	0.00	0.00
FLG-04	5-13-39					796.87	791.57	5.30	5.19	10.38	142.02	52.12	23.26	0.00	0.00	1.73	17.30	5.37	4.65	0.00	0.18	6.26	26.81	0.00	0.00	3.44	5.69	404.45	78.02	4.70	0.00	0.00	0.52	2.41	0.00	0.00	0.00	0.00	0.00	0.36	0.20	0.00	0.00	0.00	0.00	0.00	0.79	0.00	0.50	0.36	0.16	0.00	0.00	0.00
FLG-29	8-30-39					1277.47	1272.89	4.58	11.35	53.07	224.96	68.69	29.89	0.00	0.00	1.39	45.75	10.85	8.08	0.00	0.10	5.17	41.81	0.00	0.00	3.13	4.55	631.69	132.41	0.00	0.00	0.00	0.55	2.32	0.00	0.00	0.00	0.00	0.00	0.57	0.14	0.00	0.00	0.00	0.00	0.00	1.00	0.00	0.00	0.00	0.00	0.00	0.00	0.00
FLG-01	5-13-40	119801.1318	13283.31803	77.59694122	133162.0468	1158.28	1154.52	3.76	15.73	48.64	229.43	71.07	43.13	0.00	0.00	1.80	28.83	8.54	7.43	0.00	0.08	5.03	33.40	0.00	0.00	2.56	5.60	536.30	116.95	0.00	0.00	0.00	0.46	1.51	0.00	0.00	0.00	0.00	0.00	0.82	0.34	0.00	0.00	0.00	0.00	0.00	0.63	0.00	0.00	0.00	0.00	0.00	0.00	0.00
FLG-27	7-18-44	30364.80459	626.1630468	54.56333697	31045.53097	2674.19	2671.99	2.20	33.25	135.72	1068.13	146.45	152.30	3.48	0.00	1.04	53.66	24.08	8.39	2.21	0.15	12.54	81.97	0.00	0.00	14.55	3.13	798.71	128.09	4.14	0.00	0.00	0.00	1.39	0.00	0.00	0.00	0.00	0.00	0.22	0.08	0.00	0.00	0.00	0.00	0.00	0.51	0.00	0.00	0.00	0.00	0.00	0.00	0.00
FLG-26	7-18-46	49664.64074	10837.12099	195.925161	60697.68689	4372.99	4370.40	2.59	37.33	962.59	1470.97	206.53	235.69	3.05	0.00	1.48	66.60	27.03	9.77	2.19	0.13	13.43	85.06	0.00	0.00	16.55	4.23	1063.32	159.95	4.50	0.00	0.00	0.00	1.19	0.00	0.00	0.00	0.00	0.00	0.68	0.19	0.00	0.00	0.00	0.00	0.00	0.53	0.00	0.00	0.00	0.00	0.00	0.00	0.00
FLG-25	7-18-47	31753.52256	47.24980995	3.546385777	31804.31875	6460.20	6457.12	3.08	148.66	42.10	2607.28	329.88	483.17	4.24	0.00	1.19	166.36	63.76	19.25	4.13	0.35	25.26	170.35	0.00	0.00	39.77	10.79	2005.87	334.71	0.00	0.00	0.00	0.00	1.92	0.00	0.00	0.00	0.00	0.00	0.88	0.28	0.00	0.00	0.00	0.00	0.00	0.00	0.00	0.00	0.00	0.00	0.00	0.00	0.00
FLG-08	5-26-01	83522.63864	38639.11208	1200.804	123362.5548	1453.89	1448.52	5.37	20.93	343.59	487.26	117.76	72.44	0.00	0.00	1.84	17.45	9.30	2.75	0.00	0.25	8.24	31.76	0.00	0.00	5.34	1.15	263.01	65.45	0.00	0.00	0.00	0.00	1.81	0.00	0.00	0.00	0.00	0.00	1.14	0.65	0.00	0.00	0.00	0.00	0.00	0.49	0.37	0.42	0.37	0.12	0.00	0.00	0.00
FLG-09	5-26-02	122341.5013	29382.48848	1375.353601	153099.3433	1133.55	1130.61	2.94	22.67	31.10	246.48	55.15	36.34	0.00	0.00	1.25	31.57	18.05	6.61	0.00	0.16	9.40	44.98	0.00	0.00	8.71	2.53	513.09	102.52	0.00	0.00	0.00	0.00	1.11	0.00	0.00	0.00	0.00	0.00	0.64	0.00	0.00	0.00	0.00	0.00	0.00	1.19	0.00	0.00	0.00	0.00	0.00	0.00	0.00
FLG-10	5-26-03	78158.03162	21508.93926	1133.990349	100800.9612	540.63	534.21	6.42	12.06	4.15	100.61	43.22	15.66	0.00	0.00	1.51	11.99	4.08	3.04	0.00	0.16	4.85	8.61	0.00	0.00	2.18	2.12	257.11	58.41	4.45	0.00	0.00	0.43	1.35	0.00	0.00	0.00	0.00	0.00	1.56	1.10	0.00	0.00	0.00	0.00	0.00	0.75	0.16	0.36	0.43	0.28	0.00	0.00	0.00
FLG-11	5-26-04	14277.97957	4713.377304	183.3378764	19174.69475	1071.10	1067.13	3.97	6.72	15.54	194.19	56.16	23.87	2.77	0.00	1.94	25.77	9.03	6.57	0.00	0.22	7.31	31.63	0.00	0.00	4.18	6.50	567.24	102.07	5.42	0.00	0.00	0.51	1.95	0.00	0.00	0.00	0.00	0.00	0.30	0.00	0.00	0.00	0.00	0.00	0.00	0.78	0.12	0.00	0.31	0.00	0.00	0.00	0.00
FLG-12	5-26-05	19442.54426	9054.919888	452.5954049	28950.05955	536.81	533.58	3.23	11.50	8.08	106.71	53.17	15.82	0.00	0.00	1.82	12.11	3.39	2.82	0.00	0.21	6.44	14.93	0.00	0.00	3.04	2.84	233.44	53.97	3.29	0.00	0.00	0.49	1.24	0.00	0.00	0.00	0.00	0.00	0.49	0.15	0.00	0.00	0.00	0.00	0.00	0.71	0.15	0.00	0.00	0.00	0.00	0.00	0.00
FLG-13	5-26-06	98083.6341	19007.5287	713.4232003	117804.586	869.99	866.13	3.86	5.39	15.62	160.70	63.57	19.82	3.21	0.00	2.07	20.16	6.66	5.16	0.00	0.16	6.44	24.50	0.00	0.00	3.32	3.87	438.59	82.20	4.69	0.00	0.00	0.57	0.99	0.00	0.00	0.00	0.00	0.00	0.69	0.38	0.00	0.00	0.00	0.00	0.00	0.50	0.21	0.24	0.28	0.00	0.00	0.00	0.00
FLG-14	5-26-07	23998.37651	95.08594509	3.764598234	24097.22705	1529.31	1520.39	8.92	11.79	23.56	300.37	99.38	32.71	0.00	0.00	4.39	39.81	13.03	10.03	0.00	0.36	11.77	28.46	0.00	0.00	6.59	6.62	791.60	134.12	5.80	0.00	0.00	1.06	3.91	0.00	0.00	0.00	0.00	0.00	0.49	0.41	0.00	0.00	0.00	0.00	0.00	1.36	0.00	0.57	1.12	0.00	0.00	0.00	0.00
FLG-15	5-26-08	74724.168	418.9678797	22.75428922	75165.89017	1847.02	1844.02	3.00	32.63	314.43	710.35	151.37	114.58	0.00	0.00	1.27	21.97	12.05	4.45	1.25	0.14	8.51	37.26	0.00	0.00	6.72	1.61	356.40	69.03	0.00	0.00	0.00	0.00	0.93	0.00	0.00	0.00	0.00	0.00	0.60	0.18	0.00	0.00	0.00	0.00	0.00	0.85	0.00	0.30	0.14	0.00	0.00	0.00	0.00
FLG-16	5-26-09	75845.25974	14945.96631	46.26191131	90837.48796	660.02	654.52	5.50	14.62	49.80	137.88	57.98	32.71	0.00	0.00	1.98	11.69	3.79	3.31	0.00	0.15	4.39	12.80	0.00	0.00	2.03	2.69	256.80	61.90	0.00	0.00	0.00	0.30	1.18	0.00	0.00	0.00	0.00	0.00	0.73	0.80	0.00	0.00	0.00	0.00	0.00	1.14	0.29	0.63	0.43	0.00	0.00	0.00	0.00
FLG-17	5-26-10	119060.5012	28760.81193	920.9022758	148742.2154	876.75	873.57	3.18	3.66	45.92	192.80	53.06	50.92	0.00	0.00	1.50	26.64	6.94	5.31	0.00	0.11	4.63	16.48	0.00	0.00	1.84	2.82	386.21	74.73	0.00	0.00	0.00	1.42	1.03	0.00	0.00	0.00	0.00	0.00	0.63	0.00	0.00	0.00	0.00	0.00	0.00	0.00	0.00	0.00	0.00	0.00	0.00	0.00	0.10
FLG-18	5-26-11	51641.08979	14986.73298	633.5623718	67261.38514	491.92	487.32	4.60	11.44	38.77	106.88	47.40	20.72	2.54	0.00	1.66	8.07	2.70	2.43	0.00	0.10	3.66	10.14	0.00	0.00	1.80	2.32	182.13	44.56	0.00	0.00	0.00	0.22	0.98	0.00	0.00	0.00	0.00	0.00	0.97	0.49	0.00	0.00	0.00	0.00	0.00	0.86	0.27	0.48	0.33	0.00	0.00	0.00	0.00
FLG-19	5-26-12	77976.40449	14868.49312	8.80482893	92853.70243	526.94	521.42	5.52	10.32	36.20	116.00	43.00	15.68	0.00	0.00	1.56	11.35	3.81	2.62	0.00	0.00	4.60	8.49	0.00	0.00	1.44	1.49	190.07	74.79	0.00	0.00	0.00	0.70	2.08	0.00	0.00	0.00	0.00	0.00	0.76	0.37	0.00	0.00	0.00	0.00	0.00	0.69	0.16	0.50	0.00	0.26	0.00	0.00	0.00
FLG-20	5-26-13	32426.63112	5003.112998	121.1068283	37550.85095	2053.52	2050.88	2.64	59.69	198.18	823.11	156.77	160.30	1.90	0.00	1.50	30.98	14.58	5.36	0.00	0.06	9.41	43.98	0.00	0.00	6.96	2.01	431.24	100.53	4.32	0.00	0.00	0.00	0.87	0.00	0.00	0.00	0.00	0.00	0.87	0.00	0.00	0.00	0.00	0.00	0.00	0.59	0.00	0.00	0.31	0.00	0.00	0.00	0.00
FLG-21	5-26-14	249532.8136	303.9200401	8.072550133	249844.8062	650.73	646.81	3.92	3.38	39.09	129.15	46.80	26.90	0.00	0.00	1.41	15.10	4.57	3.49	0.00	0.05	3.75	16.00	0.00	0.00	1.67	2.68	286.76	66.01	0.00	0.00	0.00	0.36	1.16	0.00	0.00	0.00	0.00	0.00	0.57	0.11	0.00	0.00	0.00	0.00	0.00	0.77	0.00	0.52	0.43	0.00	0.00	0.00	0.00
FLG-22	5-26-15	158477.0368	280.7645131	6.85516068	158764.6565	525.64	521.83	3.81	14.03	45.24	130.61	51.04	31.14	5.37	0.00	1.43	11.19	3.07	2.56	0.00	0.09	1.91	5.37	0.00	0.00	1.15	1.11	176.29	40.23	0.00	0.00	0.00	0.39	1.24	0.00	0.00	0.00	0.00	0.00	0.89	0.15	0.00	0.00	0.00	0.00	0.00	0.81	0.00	0.33	0.00	0.00	0.00	0.00	0.00
FLG-07	5-19-28	34071.61972	64.33628468	31.29976661	34167.25577	571.31	569.18	2.13	17.80	42.09	146.43	57.59	28.01	0.00	0.00	1.62	12.80	3.46	3.08	0.00	0.09	2.19	12.28	0.00	0.00	1.24	1.59	191.17	47.74	0.00	0.00	0.00	0.35	1.02	0.00	0.00	0.00	0.00	0.00	0.00	0.00	0.00	0.00	0.00	0.00	0.00	0.76	0.00	0.00	0.00	0.00	0.00	0.00	0.00
FLG-02	5-13-42-1	29301.81017	8015.064535	267.9224416	37584.79714	1087.76	1084.10	3.66	3.62	53.13	197.63	65.98	42.33	3.80	0.00	1.95	27.26	8.46	6.07	0.00	0.10	4.53	36.00	0.00	0.00	2.50	5.24	520.48	105.02	0.00	0.00	0.00	0.68	1.49	0.00	0.00	0.00	0.00	0.00	0.69	0.40	0.00	0.00	0.00	0.00	0.00	0.40	0.00	0.00	0.00	0.00	0.00	0.00	0.00
FLG-03	5-13-42-2	68755.09514	181.9706842	48.68363804	68985.74946	2141.83	2137.13	4.70	4.50	55.25	329.89	80.28	56.93	2.48	0.00	1.71	74.27	21.37	13.77	0.00	0.08	7.22	60.22	0.00	0.00	5.67	13.02	1103.48	306.99	0.00	0.00	0.00	1.35	2.36	0.00	0.00	0.00	0.00	0.00	0.69	0.30	0.00	0.00	0.00	0.00	0.00	0.00	0.00	0.00	0.00	0.00	0.00	0.00	0.00
FLG-23	6-15-30-1	43628.26785	664.0385859	10.57598486	44302.88242	1049.29	1042.93	6.36	5.14	58.94	206.24	73.02	26.92	0.00	0.00	1.51	33.76	7.94	6.07	0.00	0.11	4.65	25.76	0.00	0.00	2.62	3.63	479.39	107.23	0.00	0.00	0.00	1.77	0.00	0.00	0.00	0.00	0.00	0.00	1.18	0.51	0.00	0.00	0.00	0.00	0.00	1.14	0.35	0.71	0.70	0.00	0.00	0.00	0.00
FLG-24	6-15-30-2	27097.02574	94.54841364	10.15051093	27201.72467	818.28	813.91	4.37	5.65	53.50	169.96	62.36	25.63	2.69	0.00	1.48	24.97	6.57	4.73	0.00	0.11	4.26	16.30	0.00	0.00	1.80	2.36	358.76	72.78	0.00	0.00	0.00	0.00	0.96	0.00	0.00	0.00	0.00	0.00	0.61	0.00	0.00	0.00	0.00	0.00	0.00	1.04	0.29	0.72	0.51	0.24	0.00	0.00	0.00
FLG-30	8-30-50-001	54126.41666	14063.32675	238.6883118	68428.43172	2683.59	2676.08	7.51	8.70	28.04	442.41	94.31	45.47	2.76	0.00	2.04	67.27	25.17	18.10	0.00	0.28	10.24	66.78	0.00	0.00	10.82	19.89	1549.70	275.99	8.11	0.00	0.00	1.30	1.84	0.00	0.00	0.00	0.00	0.00	0.67	0.50	0.00	0.00	0.00	0.00	0.00	1.44	0.47	0.00	0.68	0.24	0.00	0.00	0.37
FLG-31	8-30-50-2	36735.66637	15471.7172	388.4483898	52595.83196	1874.04	1863.34	10.70	3.12	66.99	341.74	83.01	31.95	3.51	0.00	1.59	71.16	18.34	12.80	0.00	0.12	5.35	39.34	0.00	0.00	3.57	7.78	950.93	222.04	0.00	0.00	0.00	1.22	6.63	0.00	0.00	0.00	0.00	0.00	0.96	0.21	0.00	0.00	0.00	0.00	0.00	0.56	0.20	0.39	0.53	0.00	0.00	0.00	0.00
BB-17-020	BB-17-020	63415.31129	11531.6152	127.925	75074.85136	749.72	737.00	12.72	16.99	30.46	154.34	53.53	29.52	2.24	0.00	3.11	25.82	5.31	2.81	1.75	0.56	7.20	34.80	0.00	0.00	16.45	3.63	167.92	180.56	0.00	0.00	0.00	3.50	3.63	0.00	0.00	0.00	0.00	0.00	1.06	0.97	0.00	0.00	0.00	0.00	0.00	1.07	0.00	0.83	1.11	0.55	0.00	0.00	0.00
BB-17-026	BB-17-026	47968.41738	8694.529551	90.995	56753.94192	463.39	458.01	5.38	15.22	30.34	121.95	49.67	22.33	3.45	0.00	2.08	16.01	2.31	1.88	0.00	0.39	4.95	24.89	0.00	0.00	12.55	2.72	89.69	57.58	0.00	0.00	0.00	1.60	1.34	0.00	0.00	0.00	0.00	0.00	0.58	0.32	0.00	0.00	0.00	0.00	0.00	1.06	0.48	0.00	0.00	0.00	0.00	0.00	0.00
BB-17-027	BB-17-027	40040.70478			40040.70478	535.85	531.97	3.88	28.39	29.98	155.47	50.28	15.99	5.22	0.00	1.93	20.56	3.72	2.42	1.65	0.26	3.45	31.00	0.00	0.00	7.38	2.97	121.73	49.57	0.00	0.00	0.00	1.15	1.94	0.00	0.00	0.00	0.00	0.00	0.79	0.00	0.00	0.00	0.00	0.00	0.00	0.00	0.00	0.00	0.00	0.00	0.00	0.00	0.00
BB-17-029	BB-17-029	55895.08847	36025.04866	11.886	91932.02317	1931.14	1921.05	10.09	97.02	93.98	542.42	209.35	82.13	0.00	0.00	5.54	81.60	10.93	8.64	5.84	1.31	14.11	102.30	0.00	0.00	40.71	8.39	367.32	232.91	16.55	0.00	0.00	3.16	5.21	0.00	0.00	0.00	0.00	0.00	1.19	0.53	0.00	0.00	0.00	0.00	0.00	0.00	0.00	0.00	0.00	0.00	0.00	0.00	0.00
BB-17-032	BB-17-032	98725.28263	298.005022	62.517	99085.80436	691.43	686.26	5.17	25.12	38.29	176.09	58.30	36.71	4.41	0.00	2.58	28.17	4.30	2.98	2.38	0.44	4.69	35.13	0.00	0.00	15.63	3.08	163.08	78.70	6.18	0.00	0.00	1.43	1.75	0.00	0.00	0.00	0.00	0.00	0.68	0.23	0.00	0.00	0.00	0.00	0.00	0.79	0.29	0.00	0.00	0.00	0.00	0.00	0.00
BB-17-034	BB-17-034	83483.26543	36726.0006	240.735	120450.0007	1339.79	1336.56	3.23	8.05	51.89	379.45	85.16	66.95	2.69	0.00	2.30	69.12	11.34	7.22	2.48	0.38	7.85	72.09	0.00	0.00	15.36	6.94	428.05	108.15	11.09	0.00	0.00	1.26	0.98	0.00	0.00	0.00	0.00	0.00	0.57	0.22	0.00	0.00	0.00	0.00	0.00	0.00	0.20	0.00	0.00	0.00	0.00	0.00	0.00
BB-17-035	BB-17-035	102839.2862	30151.64098	1068.012	134058.9396	432.71	427.38	5.33	25.19	29.31	141.28	52.07	14.62	4.44	0.00	2.79	17.13	3.30	2.11	0.00	0.39	6.46	11.33	0.00	0.00	9.90	2.04	105.02	0.00	0.00	0.00	0.00	1.78	1.59	0.00	0.00	0.00	0.00	0.00	1.54	0.42	0.00	0.00	0.00	0.00	0.00	0.00	0.00	0.00	0.00	0.00	0.00	0.00	0.00
BB-17-036	BB-17-036	54142.02583	9951.951931	587.225	64681.20233	484.87	482.09	2.78	13.94	26.50	148.66	56.28	19.29	0.00	0.00	1.73	20.46	2.69	2.15	2.30	0.27	3.33	15.79	0.00	0.00	9.99	2.13	93.00	58.74	4.84	0.00	0.00	0.74	0.86	0.00	0.00	0.00	0.00	0.00	0.90	0.28	0.00	0.00	0.00	0.00	0.00	0.00	0.00	0.00	0.00	0.00	0.00	0.00	0.00
BB-17-047	BB-17-047	64720.62335	11750.68191	985.925	77457.23047	3457.30	3451.53	5.77	11.44	107.88	898.30	135.88	163.28	4.40	0.00	2.34	192.61	34.17	20.96	3.33	0.26	19.57	208.02	0.00	0.00	17.40	23.06	1334.49	251.66	22.48	0.00	0.00	3.12	1.94	0.00	0.00	0.00	0.00	0.00	0.35	0.36	0.00	0.00	0.00	0.00	0.00	0.00	0.00	0.00	0.00	0.00	0.00	0.00	0.00
BB-17-109	BB-17-109	94120.84959	1509.620242	424.008	96054.47803	1044.84	1043.17	1.67	7.58	43.33	276.07	56.89	48.15	0.00	0.00	1.34	42.51	7.54	5.22	1.38	0.20	6.12	67.13	0.00	0.00	10.59	7.89	347.68	104.39	9.16	0.00	0.00	0.52	0.77	0.00	0.00	0.00	0.00	0.00	0.38	0.00	0.00	0.00	0.00	0.00	0.00	0.00	0.00	0.00	0.00	0.00	0.00	0.00	0.00
BB-17-111	BB-17-111	19144.94582	9841.469383	264.704	29251.1187	1695.66	1693.17	2.49	10.22	69.26	453.80	96.41	87.65	5.17	0.00	1.73	81.27	14.42	8.90	3.01	0.29	8.75	114.20	0.00	0.00	17.19	12.55	546.42	146.23	15.70	0.00	0.00	1.00	0.45	0.00	0.00	0.00	0.00	0.00	0.65	0.39	0.00	0.00	0.00	0.00	0.00	0.00	0.00	0.00	0.00	0.00	0.00	0.00	0.00
BB-17-112	BB-17-112	58298.93616	10439.55844	491.791	69230.28549	1464.64	1462.87	1.77	7.94	71.44	425.52	84.63	66.02	4.65	0.00	1.81	77.98	12.48	7.91	3.08	0.28	7.21	74.56	0.00	0.00	13.03	7.07	463.98	121.23	12.05	0.00	0.00	0.79	0.54	0.00	0.00	0.00	0.00	0.00	0.24	0.20	0.00	0.00	0.00	0.00	0.00	0.00	0.00	0.00	0.00	0.00	0.00	0.00	0.00
BB-17-116	BB-17-116	72450.21058	14864.04168	892.940	88207.19213	3034.23	3030.29	3.94	8.04	98.26	755.67	127.31	147.24	5.10	0.00	2.38	153.59	28.57	18.70	4.33	0.20	15.50	217.87	0.00	0.00	13.74	24.47	1136.33	250.16	22.83	0.00	0.00	1.59	0.95	0.00	0.00	0.00	0.00	0.00	0.57	0.39	0.00	0.00	0.00	0.00	0.00	0.00	0.44	0.00	0.00	0.00	0.00	0.00	0.00
BB-17-118	BB-17-118	53805.83886	15174.66201	2327.313	71307.81373	1837.17	1833.51	3.66	9.59	67.27	501.35	96.45	94.31	3.63	0.00	2.10	101.28	16.79	10.30	3.38	0.19	9.57	97.08	0.00	0.00	15.98	9.33	621.72	159.60	13.59	0.00	0.00	1.71	0.95	0.00	0.00	0.00	0.00	0.00	0.61	0.39	0.00	0.00	0.00	0.00	0.00	0.00	0.00	0.00	0.00	0.00	0.00	0.00	0.00
BB-17-119	BB-17-119	42224.46438	10871.69372	155.497	53251.65485	3754.99	3746.23	8.76	9.80	125.57	944.88	160.63	201.14	0.00	0.00	3.63	227.60	40.21	21.14	5.59	0.49	21.56	192.07	0.00	0.00	31.51	21.30	1395.57	320.24	23.30	0.00	0.00	3.45	2.17	0.00	0.00	0.00	0.00	0.00	0.94	0.43	0.00	0.00	0.00	0.00	0.00	1.21	0.56	0.00	0.00	0.00	0.00	0.00	0.00
BB-17-120	BB-17-120	52076.42833	7190.650468	121.299	59388.37782	1943.28	1937.08	6.20	4.80	67.71	530.36	93.71	91.86	4.17	0.00	2.41	100.51	19.60	10.87	2.85	0.29	11.78	81.56	0.00	0.00	16.37	8.89	708.47	166.12	14.75	0.00	0.00	2.93	1.97	0.00	0.00	0.00	0.00	0.00	1.30	0.00	0.00	0.00	0.00	0.00	0.00	0.00	0.00	0.00	0.00	0.00	0.00	0.00	0.00
BB-17-121	BB-17-121	54412.74856	7353.776433	566.651	62333.1762	3299.81	3293.84	5.97	11.85	129.10	911.14	142.05	169.56	4.39	0.00	2.41	184.83	32.62	19.80	4.68	0.25	15.21	173.61	0.00	0.00	16.21	19.71	1188.90	247.72	19.80	0.00	0.00	2.56	2.53	0.00	0.00	0.00	0.00	0.00	0.56	0.32	0.00	0.00	0.00	0.00	0.00	0.00	0.00	0.00	0.00	0.00	0.00	0.00	0.00
BB-17-123	BB-17-123	70403.91427	8676.223235	1944.784	81024.92104	2435.74	2432.47	3.27	13.75	86.82	665.18	108.23	112.48	5.23	0.00	1.84	127.36	23.37	14.75	3.88	0.21	9.37	104.89	0.00	0.00	11.24	11.65	903.94	213.03	15.25	0.00	0.00	1.02	0.81	0.00	0.00	0.00	0.00	0.00	0.42	0.32	0.00	0.00	0.00	0.00	0.00	0.70	0.00	0.00	0.00	0.00	0.00	0.00	0.00
BB-17-272	BB-17-272	74967.9198	2767.551854	158.579	77894.05067	1528.02	1522.82	5.20	8.03	58.27	393.23	82.56	72.97	4.13	3.45	1.99	82.38	12.75	8.17	2.95	0.35	10.05	106.97	0.00	0.00	18.22	9.76	498.66	134.39	13.54	0.00	0.00	1.50	1.47	0.00	0.00	0.00	0.00	0.00	0.78	0.23	0.00	0.00	0.00	0.00	0.00	0.83	0.39	0.00	0.00	0.00	0.00	0.00	0.00
BB-17-273	BB-17-273	64087.78779	6112.34374	139.314	70339.44555	901.01	895.86	5.15	8.05	36.02	233.89	59.93	44.93	2.54	0.00	2.39	42.65	7.14	4.32	2.16	0.46	8.08	59.15	0.00	0.00	18.76	5.93	266.96	85.01	7.49	0.00	0.00	2.21	1.80	0.00	0.00	0.00	0.00	0.00	0.84	0.30	0.00	0.00	0.00	0.00	0.00	0.00	0.00	0.00	0.00	0.00	0.00	0.00	0.00
BB-17-274	BB-17-274	47491.8098	6299.042958	42.019	53832.87186	2736.12	2732.24	3.88	10.28	94.11	794.62	127.48	160.66	3.42	0.00	2.04	145.13	25.29	15.18	3.38	0.36	18.65	196.74	0.00	0.00	27.53	22.23	870.77	197.14	17.23	0.00	0.00	1.76	1.51	0.00	0.00	0.00	0.00	0.00	0.33	0.28	0.00	0.00	0.00	0.00	0.00	0.00	0.00	0.00	0.00	0.00	0.00	0.00	0.00
BB-17-275	BB-17-275	36640.34279	6213.913602	141.288	42995.5445	2809.59	2804.91	4.68	10.27	93.52	798.33	125.48	144.47	4.70	0.00	2.12	167.80	29.89	16.41	4.16	0.25	16.41	149.15	0.00	0.00	21.32	15.93	965.09	220.69	18.92	0.00	0.00	2.42	1.24	0.00	0.00	0.00	0.00	0.00	0.59	0.43	0.00	0.00	0.00	0.00	0.00	0.00	0.00	0.00	0.00	0.00	0.00	0.00	0.00
BB-17-277	BB-17-277	23052.93966	14916.52087	508.189	38477.64998	1784.45	1779.35	5.10	7.26	73.52	473.15	78.70	86.35	0.00	0.00	1.89	92.64	15.20	9.88	2.76	0.34	10.58	114.63	0.00	0.00	18.28	11.10	617.48	151.84	13.75	0.00	0.00	1.41	1.38	0.00	0.00	0.00	0.00	0.00	0.59	0.49	0.00	0.00	0.00	0.00	0.00	0.00	0.00	0.00	0.00	0.00	0.00	0.00	1.23
BB-17-316	BB-17-316	122325.1668	17883.3548	133.224	140341.7458	1132.85	1126.75	6.10	5.60	39.94	314.49	73.09	49.54	4.00	0.00	2.32	51.41	9.28	5.95	2.11	0.38	9.05	67.16	0.00	0.00	18.62	5.55	350.42	117.84	0.00	0.00	0.00	3.28	2.10	0.00	0.00	0.00	0.00	0.00	0.36	0.36	0.00	0.00	0.00	0.00	0.00	0.00	0.00	0.00	0.00	0.00	0.00	0.00	0.00
BB-17-320	BB-17-320	60847.35345	6254.246956	48.582	67150.1824	843.12	837.78	5.34	6.39	34.91	243.11	66.54	42.03	2.54	0.00	2.26	39.78	6.36	4.35	2.19	0.44	6.92	47.98	0.00	0.00	11.94	4.01	232.84	76.25	6.94	0.00	0.00	1.73	1.41	0.00	0.00	0.00	0.00	0.00	1.35	0.85	0.00	0.00	0.00	0.00	0.00	0.00	0.00	0.00	0.00	0.00	0.00	0.00	0.00
BB-17-321	BB-17-321	193808.192	25502.66435	276.478	219587.3341	609.21	605.16	4.05	6.41	25.24	141.14	32.38	22.31	0.00	0.00	1.40	25.02	4.67	2.81	1.26	0.20	4.62	30.66	0.00	0.00	5.54	2.36	211.67	78.45	5.58	3.44	0.00	0.70	2.05	0.00	0.00	0.00	0.00	0.00	0.96	0.34	0.00	0.00	0.00	0.00	0.00	0.00	0.00	0.00	0.00	0.00	0.00	0.00	0.00
BB-17-328	BB-17-328	126644.8968	31971.39923	3020.483	161636.7791	2122.44	2118.75	3.69	7.50	80.56	637.83	102.84	111.66	0.00	0.00	2.60	116.86	18.56	12.10	3.73	0.41	9.83	99.30	0.00	0.00	18.75	8.73	696.18	175.21	16.10	0.00	0.00	1.60	1.02	0.00	0.00	0.00	0.00	0.00	0.67	0.40	0.00	0.00	0.00	0.00	0.00	0.00	0.00	0.00	0.00	0.00	0.00	0.00	0.00
BB-17-330	BB-17-330	212996.4894	10637.92122	31.283	223665.6933	1423.48	1406.95	16.53	46.13	103.48	335.38	173.52	61.67	8.74	0.00	10.54	38.23	5.79	0.00	0.00	1.94	10.12	39.37	0.00	0.00	45.12	6.30	216.37	282.84	21.41	0.00	0.00	4.99	3.20	0.00	0.00	0.00	0.00	0.00	3.04	0.00	0.00	0.00	0.00	0.00	0.00	3.67	1.63	0.00	0.00	0.00	0.00	0.00	0.00
BB-17-493	BB-17-493	68780.2868	9671.382014	2963.443	81415.11133	2243.85	2238.58	5.27	6.32	89.58	560.96	108.32	118.29	3.67	0.00	2.18	128.29	20.25	12.49	4.22	0.39	10.44	132.62	0.00	0.00	20.57	10.60	765.89	213.78	29.72	0.00	0.00	1.42	1.35	0.00	0.00	0.00	0.00	0.00	0.46	0.30	0.00	0.00	0.00	0.00	0.00	1.21	0.53	0.00	0.00	0.00	0.00	0.00	0.00
811-001	CC-0811001	49776.51004	6023.67857	243.166	56043.35456	1405.98	1401.56	4.42	4.04	51.03	256.24	78.67	0.00	0.00	0.00	1.41	28.67	11.18	8.31	0.00	0.09	4.42	87.52	0.00	0.00	3.82	9.74	721.59	134.83	0.00	0.00	0.00	0.00	0.66	0.00	0.00	0.00	0.00	0.00	0.76	0.45	0.00	0.00	0.00	0.00	0.00	1.79	0.76	0.00	0.00	0.00	0.00	0.00	0.00
811-002	CC-0811002	31986.5494	19141.22383	648.652	51776.42511	1083.12	1077.92	5.20	4.18	45.98	214.07	70.28	0.00	0.00	0.00	1.25	21.21	7.99	6.70	0.00	0.10	5.35	37.71	0.00	0.00	1.74	4.62	563.20	93.54	0.00	0.00	0.00	0.00	1.56	0.00	0.00	0.00	0.00	0.00	0.57	0.30	0.00	0.00	0.00	0.00	0.00	1.70	0.00	0.00	1.07	0.00	0.00	0.00	0.00
811-003	CC-0811003	14237.12719	6713.390258	428.760	21379.27762	945.90	935.44	10.46	4.01	44.49	189.78	68.56	0.00	0.00	0.00	1.44	19.08	7.18	5.28	0.00	0.09	4.55	27.18	0.00	0.00	2.16	4.04	453.64	103.96	0.00	0.00	0.00	0.53	1.49	0.00	0.00	0.00	0.00	0.00	1.43	1.36	0.00	0.00	0.00	0.00	0.00	0.78	0.22	0.81	0.95	0.25	2.64	0.00	0.00
811-004	CC-0811004	7173.757464	8898.726163	75.761	16148.24504	1986.83	1980.80	6.03	5.03	51.02	329.54	75.85	0.00	0.00	0.00	1.45	44.94	15.55	11.24	0.00	0.09	7.49	80.34	0.00	0.00	3.68	10.13	1152.28	192.17	0.00	0.00	0.00	1.08	2.37	0.00	0.00	0.00	0.00	0.00	0.00	0.00	0.00	0.00	0.00	0.00	0.00	0.91	0.18	0.56	0.68	0.25	0.00	0.00	0.00
811-005	CC-0811005	42740.79093	11933.63503	1013.228	55687.65369	2819.21	2812.90	6.31	13.95	69.70	418.94	109.96	0.00	0.00	0.00	1.34	71.95	23.39	15.72	0.00	0.08	11.17	98.55	0.00	0.00	5.99	18.26	1652.62	301.28	0.00	0.00	0.00	1.59	1.55	0.00	0.00	0.00	0.00	0.00	1.23	0.67	0.00	0.00	0.00	0.00	0.00	1.01	0.26	0.00	0.00	0.00	0.00	0.00	0.00
811-006	CC-0811006	82911.23257	10768.95131	619.151	94299.33455	1221.32	1217.45	3.87	3.44	45.84	212.04	69.72	0.00	2.64	0.00	1.24	25.94	9.23	7.64	0.00	0.09	5.47	39.44	0.00	0.00	2.56	5.70	658.96	127.50	0.00	0.00	0.00	0.00	1.35	0.00	0.00	0.00	0.00	0.00	1.12	0.42	0.00	0.00	0.00	0.00	0.00	0.98	0.00	0.00	0.00	0.00	0.00	0.00	0.00
811-007	CC-0811007	180098.5198	36288.52304	2346.872	218733.9147	1245.91	1244.77	1.14	4.11	50.94	261.69	76.71	0.00	0.00	0.00	1.38	34.41	10.65	7.68	0.00	0.06	6.25	46.15	0.00	0.00	2.84	5.97	617.20	118.73	0.00	0.00	0.00	0.00	0.78	0.00	0.00	0.00	0.00	0.00	0.36	0.00	0.00	0.00	0.00	0.00	0.00	0.00	0.00	0.00	0.00	0.00	0.00	0.00	0.00
811-008	CC-0811008	47083.19046	10822.87818	1039.956	58946.02444	467.06	462.88	4.18	16.25	38.13	109.25	58.32	0.00	0.00	0.00	1.42	7.99	2.54	1.99	0.00	0.05	4.46	14.13	0.00	0.00	1.77	1.66	171.29	33.63	0.00	0.00	0.00	0.24	1.01	0.00	0.00	0.00	0.00	0.00	1.05	0.50	0.00	0.00	0.00	0.00	0.00	0.82	0.15	0.41	0.00	0.00	0.00	0.00	0.00
811-009	CC-0811009	147542.9374	17592.04242	1568.158	166703.1375	1127.63	1122.91	4.72	11.73	19.31	194.24	52.87	23.96	2.52	0.00	2.46	30.79	13.52	6.05	0.00	0.34	14.55	61.74	0.00	0.00	9.62	1.71	583.85	93.65	0.00	0.00	0.00	0.46	2.74	0.00	0.00	0.00	0.00	0.00	1.04	0.48	0.00	0.00	0.00	0.00	0.00	0.00	0.00	0.00	0.00	0.00	0.00	0.00	0.00
811-010	CC-0811010	19639.77368	18662.18042	1246.159	39548.11299	2267.98	2261.65	6.33	8.85	23.76	381.35	97.19	44.23	0.00	0.00	1.93	58.46	20.88	14.55	0.00	0.23	8.61	59.05	0.00	0.00	5.23	14.88	1289.48	232.97	0.00	0.00	0.00	1.08	1.85	0.00	0.00	0.00	0.00	0.00	0.58	0.00	0.00	0.00	0.00	0.00	0.00	0.77	0.00	0.65	0.92	0.48	0.00	0.00	0.00
811-011	CC-0811011	23973.02419	7461.446082	294.398	31728.86814	722.28	717.78	4.50	7.11	8.48	132.62	56.19	23.85	3.32	0.00	1.69	14.94	5.02	3.97	0.00	0.20	4.93	23.77	0.00	0.00	3.30	4.68	349.23	74.48	0.00	0.00	0.00	0.46	1.12	0.00	0.00	0.00	0.00	0.00	0.91	0.47	0.00	0.00	0.00	0.00	0.00	0.98	0.00	0.56	0.00	0.00	0.00	0.00	0.00
CCGN-001	CCGNO01	109176.6184	16195.95445	970.9903464	126343.5632	10889.12	10883.60	5.52	46.07	91.43	4218.34	537.37	772.60	3.96	0.00	2.79	300.94	103.36	36.00	8.62	0.69	45.93	315.72	0.00	0.00	61.32	16.62	3647.27	674.57	0.00	0.00	0.00	0.00	3.30	0.00	0.00	0.00	0.00	0.00	1.37	0.85	0.00	0.00	0.00	0.00	0.00	0.00	0.00	0.00	0.00	0.00	0.00	0.00	0.00
CCGN-002	CCGNO02	83910.22913	10081.82148	383.5098885	94375.56049	687.88	685.00	2.88	49.13	13.63	238.43	82.14	20.23	2.32	0.00	1.24	10.30	5.45	2.30	0.00	0.15	6.08	20.47	0.00	0.00	3.05	0.67	186.14	43.27	0.00	0.00	0.00	0.00	2.22	0.00	0.00	0.00	0.00	0.00	0.66	0.00	0.00	0.00	0.00	0.00	0.00	0.00	0.00	0.00	0.00	0.00	0.00	0.00	0.00
CCGN-003	CCGNO03	72216.9412	15014.2231	530.7219844	87761.88628	2206.08	2199.60	6.48	19.21	140.04	948.02	228.87	115.89	3.53	0.00	2.52	30.43	15.01	5.69	0.00	0.28	14.01	44.21	0.00	0.00	5.86	1.88	516.17	107.98	0.00	0.00	0.00	0.60	4.16	0.00	0.00	0.00	0.00	0.00	1.32	0.40	0.00	0.00	0.00	0.00	0.00	0.00	0.00	0.00	0.00	0.00	0.00	0.00	0.00
CCGN-004	CCGNO04	32192.62191	10742.52606	612.1737915	43547.32175	2722.88	2716.14	6.74	48.28	31.13	1204.50	270.68	144.25	0.00	0.00	2.47	45.30	20.46	6.94	0.00	0.34	17.21	69.22	0.00	0.00	10.71	2.49	702.70	139.46	0.00	0.00	0.00	0.60	3.59	0.00	0.00	0.00	0.00	0.00	1.77	0.78	0.00	0.00	0.00	0.00	0.00	0.00	0.00	0.00	0.00	0.00	0.00	0.00	0.00
CCGN-005	CCGNO05	79153.24301	3791.564703	148.9130619	83093.72078	1857.67	1852.47	5.20	22.28	447.77	608.11	291.45	118.89	5.50	0.00	2.82	16.10	6.76	3.43	0.00	0.33	14.24	31.68	0.00	0.00	4.64	0.63	277.84	0.00	0.00	0.00	0.00	0.68	2.72	0.00	0.00	0.00	0.00	0.00	1.16	0.64	0.00	0.00	0.00	0.00	0.00	0.00	0.00	0.00	0.00	0.00	0.00	0.00	0.00
MB-01	CO041317GN02-001					223.96	220.17	3.79	0.00	27.08	87.55	45.59	0.00	1.72	0.00	8.15	9.64	1.09	0.00	0.00	0.15	0.00	0.00	0.00	0.00	11.25	1.46	26.49	0.00	0.00	0.00	0.00	0.93	1.03	0.00	0.00	0.00	0.00	0.00	0.79	0.42	0.00	0.00	0.00	0.00	0.00	0.00	0.00	0.00	0.62	0.00	0.00	0.00	0.00
MB-02	CO041317GN02-002					958.67	954.79	3.88	0.00	40.68	274.44	60.45	61.45	5.48	0.00	7.50	50.50	8.30	6.33	3.02	0.13	5.62	31.18	0.00	0.00	15.79	4.52	276.22	94.12	9.06	0.00	0.00	1.54	1.08	0.00	0.00	0.00	0.00	0.00	0.68	0.26	0.00	0.00	0.00	0.00	0.00	0.00	0.32	0.00	0.00	0.00	0.00	0.00	0.00
MS-18	MS-042717-001	69842.5144	280.2972963	3.402360503	70126.21406	664.71	660.30	4.41	19.96	41.21	164.86	63.30	35.40	0.00	0.00	4.25	28.89	4.73	2.92	2.10	0.48	24.60	21.94	0.00	0.00	16.27	2.26	148.54	72.78	5.81	0.00	0.00	1.80	1.19	0.00	0.00	0.00	0.00	0.00	0.66	0.26	0.00	0.00	0.00	0.00	0.00	0.00	0.00	0.50	0.00	0.00	0.00	0.00	0.00
MS-19	MS-042717-002					651.70	646.47	5.23	17.00	32.39	165.12	60.09	30.94	2.84	0.00	3.72	27.74	4.49	2.88	0.78	0.43	9.84	17.80	0.00	0.00	16.56	2.76	161.41	82.81	6.87	0.00	0.00	1.14	1.59	0.00	0.00	0.00	0.00	0.00	0.73	0.27	0.00	0.00	0.00	0.00	0.00	1.02	0.48	0.00	0.00	0.00	0.00	0.00	0.00
MS-20	MS-042717-003	118440.1264	695.1466141	13.37386765	119148.6469	363.40	357.75	5.65	15.53	29.48	82.52	54.66	14.75	0.00	0.00	3.87	7.10	0.00	0.00	0.00	0.52	19.00	8.68	0.00	0.00	13.65	2.23	39.99	61.62	4.15	0.00	0.00	1.74	1.66	0.00	0.00	0.00	0.00	0.00	0.55	0.42	0.00	0.00	0.00	0.00	0.00	0.86	0.42	0.00	0.00	0.00	0.00	0.00	0.00
MS-21	MS-042717-004	400463.0579	445.3179037	2.841620896	400911.2174	2160.35	2155.42	4.93	6.05	66.73	552.30	107.33	91.13	4.05	0.00	3.69	119.32	20.76	11.67	3.73	0.46	10.35	89.70	0.00	0.00	20.27	8.26	817.93	207.62	14.07	0.00	0.00	2.40	1.43	0.00	0.00	0.00	0.00	0.00	0.63	0.47	0.00	0.00	0.00	0.00	0.00	0.00	0.00	0.00	0.00	0.00	0.00	0.00	0.00
MS-22	MS-042717-005	61405.09636	168.4174582	8.729194674	61582.24302	737.68	733.48	4.20	5.61	33.43	205.21	63.80	38.13	4.58	0.00	3.12	34.62	5.00	3.22	2.26	0.39	17.39	30.33	0.00	0.00	11.83	2.58	174.00	89.58	8.40	0.00	0.00	1.20	0.91	0.00	0.00	0.00	0.00	0.00	0.57	0.24	0.00	0.00	0.00	0.00	0.00	0.88	0.40	0.00	0.00	0.00	0.00	0.00	0.00
MS-23	MS-042717-006	30473.52839	11784.59416	954.8134113	43212.93596	998.00	992.47	5.53	5.07	44.36	251.38	78.21	45.08	4.44	0.00	3.99	45.72	8.43	4.85	2.57	0.43	16.12	42.57	0.00	0.00	14.88	4.24	290.55	120.22	9.36	0.00	0.00	2.31	1.67	0.00	0.00	0.00	0.00	0.00	1.13	0.42	0.00	0.00	0.00	0.00	0.00	0.00	0.00	0.00	0.00	0.00	0.00	0.00	0.00
MS-33	MS-071817-001	22263.92336	8215.417563	269.6073593	30748.94829	955.84	947.05	8.79	7.98	125.72	343.67	83.11	74.47	0.00	0.00	5.66	24.73	4.09	2.84	2.33	0.33	11.12	31.92	0.00	0.00	9.88	2.85	150.29	66.06	0.00	0.00	0.00	3.00	4.23	0.00	0.00	0.00	0.00	0.00	1.32	0.24	0.00	0.00	0.00	0.00	0.00	0.00	0.00	0.00	0.00	0.00	0.00	0.00	0.00
MS-34	MS-071817-002	91411.06226	45001.63372	68.13065828	136480.8266	527.90	513.31	14.59	2.39	40.68	168.18	60.73	51.37	0.00	0.00	4.79	21.40	4.27	0.00	0.00	0.16	18.56	11.53	0.00	0.00	6.81	1.86	120.58	0.00	0.00	0.00	0.00	4.87	6.55	0.00	0.00	0.00	0.00	0.00	1.08	0.34	0.00	0.00	0.00	0.00	0.00	1.24	0.51	0.00	0.00	0.00	0.00	0.00	0.00
MS-36	MS-071917-001	18191.97626	10818.80787	161.5493171	29172.33345	455.93	453.26	2.67	19.17	16.98	120.79	42.69	39.56	0.00	0.00	2.87	18.04	2.84	2.29	2.30	0.08	3.48	14.36	0.00	0.00	3.82	1.72	100.36	61.91	0.00	0.00	0.00	0.50	1.12	0.00	0.00	0.00	0.00	0.00	0.68	0.37	0.00	0.00	0.00	0.00	0.00	0.00	0.00	0.00	0.00	0.00	0.00	0.00	0.00
MS-37	MS-071917-002	87810.07721	53902.17565	80.17390365	141792.4268	266.11	260.26	5.85	34.41	15.31	70.60	44.96	24.09	1.16	0.00	2.79	6.87	1.77	0.00	0.00	0.12	0.00	0.00	0.00	0.00	3.79	1.06	53.33	0.00	0.00	0.00	0.00	1.54	3.34	0.00	0.00	0.00	0.00	0.00	0.74	0.23	0.00	0.00	0.00	0.00	0.00	0.00	0.00	0.00	0.00	0.00	0.00	0.00	0.00
MS-51	MS-090617-001	142237.98	20583.31062	132.4621086	162953.7527	813.87	810.90	2.97	33.85	27.04	233.88	58.58	43.67	1.97	0.00	4.20	36.28	5.85	4.08	1.30	0.09	4.18	20.08	0.00	0.00	6.69	2.15	206.86	113.15	7.00	0.00	0.00	0.82	0.73	0.00	0.00	0.00	0.00	0.00	0.94	0.48	0.00	0.00	0.00	0.00	0.00	0.00	0.00	0.00	0.00	0.00	0.00	0.00	0.00
MS-52	MS-090617-002	14269.01721	36596.5599	259.6620285	51125.23914	756.00	753.39	2.61	28.58	25.36	204.86	44.57	45.82	1.54	0.00	4.28	32.83	5.38	3.73	1.87	0.12	4.53	24.93	0.00	0.00	6.29	1.89	195.61	114.02	7.18	0.00	0.00	0.53	0.73	0.00	0.00	0.00	0.00	0.00	0.89	0.46	0.00	0.00	0.00	0.00	0.00	0.00	0.00	0.00	0.00	0.00	0.00	0.00	0.00
MS-25	MS-090617-003	163017.3664	31797.33011	179.9773579	194994.6739	1298.95	1294.62	4.33	6.00	51.15	382.11	83.83	69.16	3.96	0.00	3.26	73.46	11.57	6.55	2.97	0.39	7.53	42.17	0.00	0.00	15.25	5.74	393.06	124.97	11.49	0.00	0.00	1.39	1.19	0.00	0.00	0.00	0.00	0.00	0.42	0.26	0.00	0.00	0.00	0.00	0.00	0.73	0.34	0.00	0.00	0.00	0.00	0.00	0.00
OP040417GN02-3	OP040417GN02-003					225.96	222.78	3.18	0.00	24.96	96.27	39.96	0.00	1.85	0.00	4.21	7.87	1.05	0.00	0.00	0.13	0.00	0.00	0.00	0.00	5.47	1.27	39.74	0.00	0.00	0.00	0.00	0.53	1.34	0.00	0.00	0.00	0.00	0.00	0.81	0.50	0.00	0.00	0.00	0.00	0.00	0.00	0.00	0.00	0.00	0.00	0.00	0.00	0.00
OP040417GN02-7	OP040417GN02-007					1002.23	997.77	4.46	0.00	31.92	302.77	48.05	53.88	0.00	0.00	3.80	45.48	6.96	5.22	1.50	0.11	4.91	33.12	0.00	0.00	9.19	3.34	312.50	126.20	8.82	0.00	0.00	1.14	0.74	0.00	0.00	0.00	0.00	0.00	0.61	0.35	0.00	0.00	0.00	0.00	0.00	0.84	0.00	0.54	0.00	0.24	0.00	0.00	0.00
OP040417GN02-17	OP040417GN02-017	50292.03103	31374.21894	86.155	81752.40463	448.94	446.95	1.99	15.65	25.21	101.90	24.44	27.36	0.00	0.00	2.55	15.97	2.32	1.96	1.79	0.24	4.73	22.78	0.00	0.00	8.95	2.28	103.77	85.05	0.00	0.00	0.00	0.82	1.17	0.00	0.00	0.00	0.00	0.00	0.00	0.00	0.00	0.00	0.00	0.00	0.00	0.00	0.00	0.00	0.00	0.00	0.00	0.00	0.00
MB-11	WI-040717BL04-014					380.57	378.26	2.31	16.69	14.93	129.61	32.83	29.43	0.00	0.00	1.88	15.29	2.45	2.00	1.84	0.08	3.19	14.54	0.00	0.00	3.21	1.75	108.54	0.00	0.00	0.00	0.00	0.35	0.83	0.00	0.00	0.00	0.00	0.00	0.63	0.50	0.00	0.00	0.00	0.00	0.00	0.00	0.00	0.00	0.00	0.00	0.00	0.00	0.00
MB-13	WI-040717BL05-021					1471.33	1465.38	5.95	6.52	55.31	416.34	96.44	49.89	0.00	0.00	4.11	95.12	18.62	11.18	3.66	0.79	10.87	67.82	0.00	0.00	21.96	9.46	483.77	103.21	10.31	0.00	0.00	2.94	1.55	0.00	0.00	0.00	0.00	0.00	0.68	0.28	0.00	0.00	0.00	0.00	0.00	0.50	0.00	0.00	0.00	0.00	0.00	0.00	0.00
MB-09	WI-041017BL01-012	47299.06978	16604.06	55.97588826	63959.10567	2022.57	2014.25	8.32	4.63	58.34	512.22	69.86	45.93	0.00	0.00	4.65	89.88	18.52	11.41	2.18	0.61	11.61	90.56	0.00	0.00	24.25	11.76	729.68	315.22	12.94	0.00	0.00	4.03	2.57	0.00	0.00	0.00	0.00	0.00	0.75	0.43	0.00	0.00	0.00	0.00	0.00	0.00	0.54	0.00	0.00	0.00	0.00	0.00	0.00
MB-08	WI-041017BL01-013	21484.2584	7638.367611	759.2595767	29881.88559	939.25	929.02	10.23	4.27	32.02	262.21	75.20	24.15	4.88	0.00	3.93	40.30	8.92	4.54	2.71	0.77	11.97	34.63	0.00	0.00	17.42	3.61	242.28	155.21	0.00	0.00	0.00	3.82	3.00	0.00	0.00	0.00	0.00	0.00	1.02	0.64	0.00	0.00	0.00	0.00	0.00	0.00	0.29	0.00	0.62	0.84	0.00	0.00	0.00
MB-07	WI-041017BL01-014	43501.2624	6894.900994	177.8593212	50574.02271	1732.58	1725.48	7.10	3.29	61.19	461.11	97.66	39.58	0.00	0.00	4.85	85.45	18.83	10.92	3.27	0.73	12.22	77.84	0.00	0.00	22.96	9.52	568.63	234.31	13.12	0.00	0.00	2.79	1.32	0.00	0.00	0.00	0.00	0.00	0.72	0.29	0.00	0.00	0.00	0.00	0.00	0.83	0.43	0.00	0.00	0.00	0.72	0.00	0.00
MB-06	WI-041017BL01-015	14877.56659	6043.065615	386.3197021	21306.95191	2067.99	2058.50	9.49	7.00	37.47	577.55	80.40	46.97	3.22	0.00	3.39	104.19	24.30	7.16	2.69	0.75	19.81	109.98	0.00	0.00	22.16	9.03	651.72	350.71	0.00	0.00	0.00	4.23	3.21	0.00	0.00	0.00	0.00	0.00	0.92	0.44	0.00	0.00	0.00	0.00	0.00	0.00	0.34	0.35	0.00	0.00	0.00	0.00	0.00
MB-05	WI-041017BL01-016	161136.4212	26701.82731		187838.2485	815.29	810.46	4.83	6.08	52.43	221.33	82.35	25.97	5.66	0.00	4.26	33.37	6.27	4.43	3.11	0.97	6.74	22.46	0.00	0.00	19.43	3.52	174.58	137.50	0.00	0.00	0.00	1.56	1.42	0.00	0.00	0.00	0.00	0.00	0.60	0.20	0.00	0.00	0.00	0.00	0.00	0.74	0.31	0.00	0.00	0.00	0.00	0.00	0.00
MB-04	WI-041017BL01-017	50620.02405	10608.51529	267.5822734	61496.1216	756.43	744.18	12.25	14.57	25.29	119.62	51.27	39.68	4.76	0.00	3.46	19.29	5.89	1.17	0.00	0.88	23.80	23.99	0.00	0.00	22.00	3.11	171.41	213.99	0.00	0.00	0.00	5.26	3.79	0.00	0.00	0.00	0.00	0.00	1.48	0.93	0.00	0.00	0.00	0.00	0.00	0.47	0.32	0.00	0.00	0.00	0.00	0.00	0.00
MB-03	WI-041017BL01-018	302037.2603	16419.85261	406.1603145	318863.2733	389.44	385.74	3.70	13.48	28.76	73.98	40.32	15.23	1.31	0.00	3.59	10.43	1.98	1.15	0.00	0.63	4.78	10.42	0.00	0.00	20.05	1.99	84.41	73.23	0.00	0.00	0.00	1.87	1.07	0.00	0.00	0.00	0.00	0.00	0.00	0.00	0.00	0.00	0.00	0.00	0.00	0.53	0.23	0.00	0.00	0.00	0.00	0.00	0.00
MB-10	WI-041017BL02-003					877.36	871.08	6.28	34.06	47.83	221.75	83.66	29.61	0.00	0.00	4.38	42.51	7.57	5.14	3.59	0.92	6.71	37.16	0.00	0.00	24.93	4.57	174.52	135.14	7.03	0.00	0.00	2.09	1.75	0.00	0.00	0.00	0.00	0.00	0.67	0.22	0.00	0.00	0.00	0.00	0.00	1.05	0.50	0.00	0.00	0.00	0.00	0.00	0.00
MB-12	WI-041017BL05-020					682.75	677.20	5.55	5.94	39.11	188.40	79.21	14.90	5.07	0.00	4.87	36.83	6.88	4.51	3.12	0.86	7.53	21.17	0.00	0.00	21.87	3.70	169.58	63.65	0.00	0.00	0.00	2.87	1.79	0.00	0.00	0.00	0.00	0.00	0.65	0.24	0.00	0.00	0.00	0.00	0.00	0.00	0.00	0.00	0.00	0.00	0.00	0.00	0.00
